3.398387460747869238e-01
3.022332709406134188e-01
2.213554541102448758e-01
2.064074741346156316e-01
2.030288273242469577e-01
1.963319731821841496e-01
1.839610341570712959e-01
2.003236258602495712e-01
1.692033793262463226e-01
1.653179139954032706e-01
1.576807926844216168e-01
1.533544111073314731e-01
1.456998346732329419e-01
1.381249795777824696e-01
1.285965897272822178e-01
1.224982090846297306e-01
1.213764680378163624e-01
1.177691711921716733e-01
1.151230317200953590e-01
1.159826961519908051e-01
1.138704601826243806e-01
1.134462448607716500e-01
1.128587163646873059e-01
1.094679118838278314e-01
1.083188647145180844e-01
1.072217340666034718e-01
1.058342918520544795e-01
1.015257035963583326e-01
9.701209089807397157e-02
9.233186237887158754e-02
9.107802696642983142e-02
8.996434600080627231e-02
8.908058072703101127e-02
8.738394010807165602e-02
8.564508835387593666e-02
8.466840656067674276e-02
8.234916642183474911e-02
8.148725223969004172e-02
8.087424261835060579e-02
7.975970886023352191e-02
7.854652374678379456e-02
7.761613355990014396e-02
7.703164603976205005e-02
7.676074211626567056e-02
7.623331404038877213e-02
7.579603444394789058e-02
7.547793656342272062e-02
7.522347011450226939e-02
7.492101748908289172e-02
7.447570636944719769e-02
7.396236975812367498e-02
7.343562510932920284e-02
7.266456421829615986e-02
7.155531541950746477e-02
7.062518954765598100e-02
6.906503029322751119e-02
6.836598171952049108e-02
6.768906665846602388e-02
6.765153934815190673e-02
6.689215476349132106e-02
6.657584020041781847e-02
6.618260156376008785e-02
6.568749983830750316e-02
6.513370186853933985e-02
6.534266140007512214e-02
6.462754990279409584e-02
6.449368471574874750e-02
6.416601219109294152e-02
6.386265221332046438e-02
6.331061378443382515e-02
6.288632482499237342e-02
6.233498055029482177e-02
6.206683977539032004e-02
6.167374333966296751e-02
6.144080736248606900e-02
6.098501637256640434e-02
6.051799636108056574e-02
5.991662953306436251e-02
6.208861318339993496e-02
5.921128576830733681e-02
5.904389683703827052e-02
5.862569901697338437e-02
5.871978193302576643e-02
5.819797845789420609e-02
5.803570816526219811e-02
5.786056860249797623e-02
5.768837104774028612e-02
5.735565995694220931e-02
5.695980696754082695e-02
5.656305891869267688e-02
5.639524282418399703e-02
5.611367302860804929e-02
5.593655774179333295e-02
5.531444905290096997e-02
5.498206713817396785e-02
5.463965039754905412e-02
5.438994798374638395e-02
5.415487758560465215e-02
5.360125667193033072e-02
5.304301593260199454e-02
5.224729459911039986e-02
5.166320909828802516e-02
5.071387580827865782e-02
5.017410221309605289e-02
4.974880335806746573e-02
4.907694654373095933e-02
4.846253834691860440e-02
4.804545349707343982e-02
4.741017920484154324e-02
4.672638454413520492e-02
4.602935373058137519e-02
4.513847591876839899e-02
4.452820025991316433e-02
4.366033774056238270e-02
4.214260350407437322e-02
4.882869459416938618e-02
4.040715221438372778e-02
3.997956980207981181e-02
3.938871300563984157e-02
3.947039387524444581e-02
3.889349150897376123e-02
3.873603994832785363e-02
3.846945277490072118e-02
3.765244626696680891e-02
3.672299430928084585e-02
3.673864902446582342e-02
3.564254134337278834e-02
3.549127097762018457e-02
3.528124133672243257e-02
3.483311807985309261e-02
3.442656463683291951e-02
3.432924995984160121e-02
3.408150699652497811e-02
3.388838976103222128e-02
3.366687386145726657e-02
3.344276462346135181e-02
3.317046017733556174e-02
3.301379490407910927e-02
3.266018722594046797e-02
3.367188187442202163e-02
3.218576807200562023e-02
3.207303635202268105e-02
3.187216163384068435e-02
3.172139126225191619e-02
3.133726893116265538e-02
3.113817571678001786e-02
3.087120045540240471e-02
3.073373680194065732e-02
3.047834535343057344e-02
2.986417041497610447e-02
2.990952980354641064e-02
2.893193820295682922e-02
2.870010875761634314e-02
2.840939040158258974e-02
2.815662258628466585e-02
2.795300695273142053e-02
2.757494233659248117e-02
2.729334571517888497e-02
2.698076277839088488e-02
2.684058841135061185e-02
2.673442364072971950e-02
2.647087296879931106e-02
2.612016342476253944e-02
2.560686047879475943e-02
2.532927247926047148e-02
2.494874266289642123e-02
2.473618113775476884e-02
2.468064103109140345e-02
2.453001669956494241e-02
2.428853785364221141e-02
2.408325280738066870e-02
2.374872660394499596e-02
2.358981109185881789e-02
2.334795530761414953e-02
2.292941766823221317e-02
2.260483156838868218e-02
2.235129551858266311e-02
2.228127337631105251e-02
2.209358943948196152e-02
2.197000200430980835e-02
2.173595732752036519e-02
2.147382140859371152e-02
2.164851212592174695e-02
2.116723556576943083e-02
2.111208860991922384e-02
2.087187765775537496e-02
2.065348540843944120e-02
2.052772119316437216e-02
2.035531523152779923e-02
2.018627863482997872e-02
1.989826915903802201e-02
1.971828229981744188e-02
1.957099499414977767e-02
1.940047326682317261e-02
1.910279567187270211e-02
1.901225893720287496e-02
1.871530949230525154e-02
1.852532854490539921e-02
2.187142022359980439e-02
1.822867272082534865e-02
1.809434009689724066e-02
1.794143607146660158e-02
1.756230016272213035e-02
1.710348559449734532e-02
2.251485231816545418e-02
1.690936621103299176e-02
1.747258970850607690e-02
1.626753809670400744e-02
2.041729879537969305e-02
1.705782259868920264e-02
2.158328550109696320e-02
1.594458529310767078e-02
1.591683382259049748e-02
1.568194266016340738e-02
1.560983898516322098e-02
1.543214405054666762e-02
1.521840836200142807e-02
1.497153911329411266e-02
1.476120830298940922e-02
1.451044415974137719e-02
1.448082455710817187e-02
1.445705323528974004e-02
1.441616394659343478e-02
1.437505920697205487e-02
1.430288791738996979e-02
1.416605535107315697e-02
1.464820975807423417e-02
1.412245657172767066e-02
1.384750702955232955e-02
1.385789652689119536e-02
1.373661009811969966e-02
1.369152177407131736e-02
1.364236360134508073e-02
1.357013330386146535e-02
1.354595847996883928e-02
1.348272165297308839e-02
1.337602809174640722e-02
1.317870895568262930e-02
1.308360397018257931e-02
1.289672837742368225e-02
1.281916616709899599e-02
1.275252657570987921e-02
1.263912672963469347e-02
1.274549131626129782e-02
1.255914408278698512e-02
1.254413045214322273e-02
1.392837490435776260e-02
1.236856637593326813e-02
1.233407466294098032e-02
1.220303766372745659e-02
1.208195905895780020e-02
1.188359295563547538e-02
1.198433806232267890e-02
1.173544157885512973e-02
1.169463946430745332e-02
1.158259400586122978e-02
1.152108125145800618e-02
1.141321618447863062e-02
1.134215305471837285e-02
1.130864443288180990e-02
1.123350200055344902e-02
1.119078861571559322e-02
1.110339898458667825e-02
1.099591509581320133e-02
1.091049054628813984e-02
1.086972352196130531e-02
1.080899167635245017e-02
1.069473029249816756e-02
1.071342216271496672e-02
1.052386808947440924e-02
1.047953640892666446e-02
1.044256401519124029e-02
1.036699789289594748e-02
1.023987371092625887e-02
1.029838003869077215e-02
1.016694773915141625e-02
1.015219353815715111e-02
1.007539505251489609e-02
1.002752572723137822e-02
9.976440341188110364e-03
9.940514540643456340e-03
9.929939404848316803e-03
9.899581922928635605e-03
9.867857695077374841e-03
9.841311990908952270e-03
9.807305363839466036e-03
9.806742478488771411e-03
9.665534934182012927e-03
9.550088138634237750e-03
9.433215191521215556e-03
9.364753101318519513e-03
9.244207171537698053e-03
9.204687285063149760e-03
9.200521571520558009e-03
9.137703495322013064e-03
9.079693728770512479e-03
9.022424254133682223e-03
8.929604040292540845e-03
9.269471357661261332e-03
8.794358797503865413e-03
8.760552183499734080e-03
8.694625826174008643e-03
8.626093929455441039e-03
8.907542838034859453e-03
8.502196572966854576e-03
8.388909105202572297e-03
8.327216846834122055e-03
8.288505225277459712e-03
8.235336378834683460e-03
8.047107285377545771e-03
8.022136523854847545e-03
7.934033024581141000e-03
7.910820148347144296e-03
7.862488934047779168e-03
7.835727315508200091e-03
7.752628797307823186e-03
7.670279410635429639e-03
7.624416845256873354e-03
7.588037110182910272e-03
7.560227179262448728e-03
7.471969162726649176e-03
7.560583153362590916e-03
7.551083313573814584e-03
7.114065073690802737e-03
6.985402005158667695e-03
6.961677978736566068e-03
6.952711071644117162e-03
6.926270781739955751e-03
6.909706059685479483e-03
6.890971642218395726e-03
6.878508718496160329e-03
6.850503569695950978e-03
6.818310518146596978e-03
7.002093768975047733e-03
6.718149275962564948e-03
8.013813541177711858e-03
6.601466729146540299e-03
6.582638919521389617e-03
6.554325130157703794e-03
6.540901770458889403e-03
6.528571169024582899e-03
6.513693457190929299e-03
6.454917872981587312e-03
6.384397537324381158e-03
6.281789975670382456e-03
6.998977503878913396e-03
6.136970844561117494e-03
6.088435432524725785e-03
5.994362103567258543e-03
5.907759874119527035e-03
5.943197747855128409e-03
6.099926956482790846e-03
5.779656164602105586e-03
5.764771070043654168e-03
5.714717728349479053e-03
5.667815540196644020e-03
5.596798573072707395e-03
5.549338693905062764e-03
5.512113489822135018e-03
5.662662496967143383e-03
5.419146104495975794e-03
5.402871516394295442e-03
5.320062600815994580e-03
5.292134704956423519e-03
5.200984176448794453e-03
5.156991333263273407e-03
5.120490917456874472e-03
5.088392695982688757e-03
5.026556046439895065e-03
4.984271287473882560e-03
4.947462428515916021e-03
4.910228432341809043e-03
4.842619439565759923e-03
4.785128312668938955e-03
4.742324191332253878e-03
4.707862894659873253e-03
4.659492093873536002e-03
4.621783932566113709e-03
4.537666992906846247e-03
4.467828807070953548e-03
4.438380192984585360e-03
4.354128118779144151e-03
4.342466165054970247e-03
4.315911018711143278e-03
4.292066118222026549e-03
4.231756725431560021e-03
4.215973341990515363e-03
4.207369904668392148e-03
4.200793421207213614e-03
4.190728555692347507e-03
4.184873384936383528e-03
4.162137983188519963e-03
4.143492029265487958e-03
4.124354097592304244e-03
4.100181383134230556e-03
4.059425068358076330e-03
4.039980596485547026e-03
3.981757422417665782e-03
3.957554646036078212e-03
3.934706489063057901e-03
3.879436878366959024e-03
3.906242702816127652e-03
4.040395779144617325e-03
3.796328940226021895e-03
3.785729367211556132e-03
3.745763721735177743e-03
3.721627474964460912e-03
3.696512913349873485e-03
3.680183332323304357e-03
3.664151934854042308e-03
3.655881967247402112e-03
3.637685040637458119e-03
3.608456010653002255e-03
3.558141126766716823e-03
3.500405401499483669e-03
3.550187508165867246e-03
3.440508674309613463e-03
3.424998282628319898e-03
3.409607812981231209e-03
3.373847247532462540e-03
3.479288577298920125e-03
3.349507233140428669e-03
3.341562819211427171e-03
3.318206828287453142e-03
3.302273401679772444e-03
3.272999203588566539e-03
3.291826741634648959e-03
3.231920070391114050e-03
3.219777145082845966e-03
3.205184951418118579e-03
3.194048731169283652e-03
3.182172845688507543e-03
3.190823232384910110e-03
3.175496813897631457e-03
3.173587382652726194e-03
3.165408143104958202e-03
3.154340052046575651e-03
3.132965187591017948e-03
3.104520746103795435e-03
3.077198931940957304e-03
3.055210351753480554e-03
3.038389889928937680e-03
3.009279007905007498e-03
2.984303837602125462e-03
2.967555003165173177e-03
2.943436060187805056e-03
2.916988001427709212e-03
2.901856234196714072e-03
2.889664049324276555e-03
2.867824283202617328e-03
2.862994673048375495e-03
2.852334980198626899e-03
2.840588585567785027e-03
2.826147476271617838e-03
2.809757656870760442e-03
2.794052357320717713e-03
2.776817382066630070e-03
2.754597275121014200e-03
2.735093736583978780e-03
2.724762656884114741e-03
2.720202445530174942e-03
2.707034732105929355e-03
2.698009539239352734e-03
2.687095480696307867e-03
2.678094455484455929e-03
2.671102228674545297e-03
2.655989350403740838e-03
2.637020076163547160e-03
2.612000391586278766e-03
2.606154225298961194e-03
2.589556614338437129e-03
2.586345481341125255e-03
2.582247954105073781e-03
2.569247173463922677e-03
2.744734767823338306e-03
2.548073868791448596e-03
2.539695431056958157e-03
2.506601644649809023e-03
2.507153068325912882e-03
2.492018834270920934e-03
2.487039770602024382e-03
2.477142696088899948e-03
2.575502347118917290e-03
2.470991525156516870e-03
2.469164387463507714e-03
2.463843951181550907e-03
2.458979411822930384e-03
2.445772837879404450e-03
2.433852294522087945e-03
2.422906924946606564e-03
2.410116253203481527e-03
2.400283631172687483e-03
2.383207743757759407e-03
2.357022579852758974e-03
3.185752263965023479e-03
2.329658545769396766e-03
2.323798923645752947e-03
2.314565873811670355e-03
2.308815991489699456e-03
2.295790466756750681e-03
2.286377860065999783e-03
2.272744247796032978e-03
2.262389945227325297e-03
2.255621888203561236e-03
2.243371420602745421e-03
2.231319951407619191e-03
2.221000189335328549e-03
2.307066128729649314e-03
2.210033226703148144e-03
2.206709927913087788e-03
2.197167441972223013e-03
2.191906768511681352e-03
2.170614382600807770e-03
2.166120604416002168e-03
2.141528982795016991e-03
2.132647952109538881e-03
2.126677199994445478e-03
2.120871294700258421e-03
2.111738168664047729e-03
2.420876727108495999e-03
2.102433123770526720e-03
2.099462094377388573e-03
2.090709250302886547e-03
2.084624457699505665e-03
2.081807371863945641e-03
2.076696809920021078e-03
2.073266693679315636e-03
2.071972611231401046e-03
2.066475185808927615e-03
2.063257748465741406e-03
2.057800904244528467e-03
2.046942541485217287e-03
2.047798595760338611e-03
2.023434210798867681e-03
2.016129096321927616e-03
2.002648272343502019e-03
2.006754825964722749e-03
1.991790985803053998e-03
1.990290181852812784e-03
1.986425434228035469e-03
1.979095267602567435e-03
1.965312138646610127e-03
1.935227699004581949e-03
2.084375159893786435e-03
1.905737983651270909e-03
1.900593986982788367e-03
1.897166431434665380e-03
1.894812086115361428e-03
1.891763519267188574e-03
1.884487049450546100e-03
1.876935137773075215e-03
1.878536298618403103e-03
1.865067423767494820e-03
1.862691093204767775e-03
1.855859304583808329e-03
1.847410404386502867e-03
1.930423529788626285e-03
1.834924393862010861e-03
1.831949401572029786e-03
1.825452791723600286e-03
1.815994778826120811e-03
1.803343272184844762e-03
1.786746745037501609e-03
1.781391930241843632e-03
1.775122113953136495e-03
1.768070420924482394e-03
1.755970029517328612e-03
1.762583749712278661e-03
1.736998791643141245e-03
1.731441795290974365e-03
1.724612015612920612e-03
1.721915358323849402e-03
1.715445829133092816e-03
1.709685148717706403e-03
1.706189564940533039e-03
1.699699158233867894e-03
1.686181604385157944e-03
1.670574192747277965e-03
1.662055529189180279e-03
1.687048426651176864e-03
1.648121585100118967e-03
1.645041616228984588e-03
1.635017775302997261e-03
1.629223292712167395e-03
1.636249522827933935e-03
1.615333093261950726e-03
1.610522971454153530e-03
1.603102270075314455e-03
1.598584007167749583e-03
1.712127276972294845e-03
1.572173056259117650e-03
1.561953046823553320e-03
1.550737825833624307e-03
1.539019073089334909e-03
1.526221714315963499e-03
1.516883765035429441e-03
1.513793246669047424e-03
1.501715345505879803e-03
1.499231602391005308e-03
1.496189998792836614e-03
1.493284588896689764e-03
1.486612391677981718e-03
1.484503447740826701e-03
1.472226176955661586e-03
1.467004729234699803e-03
1.461621163081086149e-03
1.454672895396247334e-03
1.442980612935340244e-03
1.481880717986243465e-03
1.424414182616472874e-03
1.419170952949993852e-03
1.413430803864363554e-03
1.407488313693521821e-03
1.392021383558838567e-03
1.380943273340189386e-03
1.375766826781680933e-03
1.368654692327183611e-03
1.362237101826939108e-03
1.350545903023826376e-03
1.347006236023790557e-03
1.340668030328784777e-03
1.339272034474457435e-03
1.336020602983373348e-03
1.333586673971732693e-03
1.330092289247971227e-03
1.324850520444968835e-03
1.329376859574260897e-03
1.313232160213776605e-03
1.309256864826871970e-03
1.300870316885236345e-03
1.292368954218033267e-03
1.336591173321550075e-03
1.282693887552750159e-03
1.280805163438928067e-03
1.272126814857483515e-03
1.269347038366471555e-03
1.260910489018917009e-03
1.257540352510581622e-03
1.261430324407665678e-03
1.249587623678557503e-03
1.247399364889340478e-03
1.241103223446925587e-03
1.236898590249782808e-03
1.324109712390164617e-03
1.230035811080912918e-03
1.227875279754517962e-03
1.217258657236451169e-03
1.211374264122648103e-03
1.202114964555668847e-03
1.195465954622047799e-03
1.198626834018722952e-03
1.182281904085240786e-03
1.178132937810879872e-03
1.165388541104742234e-03
1.157326570925098618e-03
1.681508437919090708e-03
1.143933602487217423e-03
1.141780467599087063e-03
1.134329457233321410e-03
1.179217459816653268e-03
1.126438629320424337e-03
1.124360128532462698e-03
1.120293481638528175e-03
1.117082770326254752e-03
1.177112184339621382e-03
1.110550588648617342e-03
1.109586074536675088e-03
1.104376524314307044e-03
1.101452442548834544e-03
1.098632764688359286e-03
1.095356667483491676e-03
1.093662281238447697e-03
1.091170561064849776e-03
1.088724597879228012e-03
1.084759949524196710e-03
1.079325979400881045e-03
1.076939868630641655e-03
1.073378573572294744e-03
1.077211528563165469e-03
1.067789747254849122e-03
1.066446199673458080e-03
1.062154944585107013e-03
1.056918314241961886e-03
1.048920968368424137e-03
1.043682823437060278e-03
1.038759150226317707e-03
1.036624383520463096e-03
1.034027469683669424e-03
1.025967389851320738e-03
1.023001739098128781e-03
1.041341460869700357e-03
1.018144197763089231e-03
1.017301970774071775e-03
1.015135470520344817e-03
1.012093428034094430e-03
1.003318928712555215e-03
9.953599358282208195e-04
9.905207855756097135e-04
9.846442605978865999e-04
1.019835053213269914e-03
9.805712392935378528e-04
9.795384884947677066e-04
9.828401028308133246e-04
9.743731237839029988e-04
9.736409210966476399e-04
9.721932095914034714e-04
9.709333502745400545e-04
9.700254268491690854e-04
9.690837017471657256e-04
9.592801637824011247e-04
9.568148557695186750e-04
9.546363562697175297e-04
9.522749952887169184e-04
9.489369169484588359e-04
9.748042785084462449e-04
9.458711187301128021e-04
9.453065091744609818e-04
9.478021261587223339e-04
9.428192981931857609e-04
9.418466777144798938e-04
9.381783797269278684e-04
9.351685931911075641e-04
9.318530010847248229e-04
9.271545077215595856e-04
9.248464293004643195e-04
9.219156469679675196e-04
9.204232979653333624e-04
9.310903539499232762e-04
9.158404877674964370e-04
9.145237673804886740e-04
9.113165620873105209e-04
9.089199456870605646e-04
9.043570882026467396e-04
9.301557380372386377e-04
8.986493181345805905e-04
8.974677752781229411e-04
8.906522647839764523e-04
8.958214552443086003e-04
8.882292635414429371e-04
8.868245262345707085e-04
8.850681532106909099e-04
8.819025773705511636e-04
8.788749390696358292e-04
8.734559088201126770e-04
8.702596926503578228e-04
8.683724268394335489e-04
8.634877288710773391e-04
8.651935302665899642e-04
8.569072310733112695e-04
8.557966177081197112e-04
8.544077396374640757e-04
8.523580887015321222e-04
8.596835771966376827e-04
8.493667791224692853e-04
8.488952653521585501e-04
8.482709054010021451e-04
8.475583804202298146e-04
8.445949710430855108e-04
8.410906314488329587e-04
8.360826691755106127e-04
8.473733788210678370e-04
8.340519324982844686e-04
8.335695732406499768e-04
8.276581648174649022e-04
8.486793498403041565e-04
8.243641012241420887e-04
8.235908707107252209e-04
8.217958937100713901e-04
8.201061519026003324e-04
8.183577022316073073e-04
8.157547262438816791e-04
8.127735946306328518e-04
8.101558825819837450e-04
8.322623938446497725e-04
8.036927375411049602e-04
8.007559620286553055e-04
7.839699063264006767e-04
8.361704622399672351e-04
7.686862398793786006e-04
7.712338358696118820e-04
7.492241710178035915e-04
7.371759328036592545e-04
7.190796604678253599e-04
7.051001176869779556e-04
6.808077633599359879e-04
6.635700326563089089e-04
6.493783404536053461e-04
6.703797025892155662e-04
6.470458642174100466e-04
6.286831319217572617e-04
6.245814297190567001e-04
6.215643023659703833e-04
6.178266783952245751e-04
6.123484979560343431e-04
6.095257895699418473e-04
6.060313811784309810e-04
6.037645957944411416e-04
5.995426259315405400e-04
5.983514387267756165e-04
5.967035606577788523e-04
5.946989304683501050e-04
5.907437353277795880e-04
6.061334570860000366e-04
5.843640377848418558e-04
5.823581874056878074e-04
5.799317769380616305e-04
5.786897766844013250e-04
5.744223751462940175e-04
6.107628885588752866e-04
5.719674524503263850e-04
5.711705822384979423e-04
5.643387043553642389e-04
5.583358661209151955e-04
5.545193619172661837e-04
5.545016483193442773e-04
5.482969452477280551e-04
5.476271414222499620e-04
5.473502577589014042e-04
5.429073031359171091e-04
5.379594231272278801e-04
5.339451728461554365e-04
5.310439168581249352e-04
5.218514055342903272e-04
5.167434197058704904e-04
5.219354355385615518e-04
5.106933534889849342e-04
5.099298359941687505e-04
5.096703780950233255e-04
5.087817927366298457e-04
5.084213783842769308e-04
5.077971352733723007e-04
5.059371336741272460e-04
5.509588549698715308e-04
5.028828201244816328e-04
5.020999727127754440e-04
5.008524157544109144e-04
5.002462518532988303e-04
4.995911568513752800e-04
4.988574091877456557e-04
4.986707628517249259e-04
4.985002779284812557e-04
4.983152507555021257e-04
4.977639344246818616e-04
4.973828193463626646e-04
4.958404707474934996e-04
4.945395983959716656e-04
4.937163505084129307e-04
4.926119301970265053e-04
4.917050254839862820e-04
4.909180175929530460e-04
4.904408895356011846e-04
4.893899385566411646e-04
4.874906633563344180e-04
4.916004776797397533e-04
4.850034977028286213e-04
4.846036559480924009e-04
4.838870710112971136e-04
4.819413170292018806e-04
4.791770062396847772e-04
4.764515545111083859e-04
4.739928260657665289e-04
4.725050244161271232e-04
4.714514895665473048e-04
4.753942768426618276e-04
4.679402050144074372e-04
4.674422187743386393e-04
4.657135723429033005e-04
4.641289495254444491e-04
4.628781219728486055e-04
4.617138831013047453e-04
4.610219549545733608e-04
4.597079840754088971e-04
4.580766460791607349e-04
4.562628847834307964e-04
4.554344167789326587e-04
4.546672387699367268e-04
4.534412875337388545e-04
4.511025640033730763e-04
4.499730781320722601e-04
4.484785383905954908e-04
4.477983679378173777e-04
4.457745756413767605e-04
4.985319064218465173e-04
4.439894988316513808e-04
4.437729162458795072e-04
4.434464294323414214e-04
4.430268342480853908e-04
4.421411406609549507e-04
4.428225756536419383e-04
4.412609058342627558e-04
4.410719544103316016e-04
4.408630847682208686e-04
4.405776265781730745e-04
4.399629364015792831e-04
4.396644441324097609e-04
4.391865155594529778e-04
4.386027544008717005e-04
4.375811543808831149e-04
4.368259185562668625e-04
4.359283231429160487e-04
4.346304665672443435e-04
4.378067950586931462e-04
4.328911873857368910e-04
4.326074748886353603e-04
4.317335531619773863e-04
4.320780820086997094e-04
4.307811354712266652e-04
4.305745682125616662e-04
4.302467624681477693e-04
4.297067921346242473e-04
4.289729077668941095e-04
4.282222827246882457e-04
4.278149779482767691e-04
4.276837484883464890e-04
4.272038546427575200e-04
4.268926211443030438e-04
4.264695266998796324e-04
4.260716154387170587e-04
4.296112433525921910e-04
4.254199144501582966e-04
4.253104258334183645e-04
4.250063861190323802e-04
4.246778524820112380e-04
4.238345612772082449e-04
4.287548044600662106e-04
4.228421196205504862e-04
4.225142314423765218e-04
4.222595667301256347e-04
4.214691641476678427e-04
4.211268166888058493e-04
4.204402853268923821e-04
4.199467105270772048e-04
4.187415353703498669e-04
4.237518467802559832e-04
4.170723878619685566e-04
4.166633511417030134e-04
4.145049722295467078e-04
4.294629354173500535e-04
4.130281449675328410e-04
4.125778438974722650e-04
4.147422921049404498e-04
4.108024400916545130e-04
4.105877162722690538e-04
4.098339249485367258e-04
4.093779110267367367e-04
4.081203800742124344e-04
4.084792880399250314e-04
4.061966471871204082e-04
4.055844604199504953e-04
4.048340912432349392e-04
4.042445214590177855e-04
4.030784577823665581e-04
4.051842637494797780e-04
4.043968404615933421e-04
4.002251647527623607e-04
3.997674389372157669e-04
3.990285065095254048e-04
3.994335448200165574e-04
3.979800042428511143e-04
4.034279710511862226e-04
3.973283437414662413e-04
3.970338114296922960e-04
3.952240606469666247e-04
3.941679501969078190e-04
3.928058147403588689e-04
3.942619141277709546e-04
3.918302514339898064e-04
3.915758532356289237e-04
3.905471023001787310e-04
3.900810717908406548e-04
3.890511484984441313e-04
3.883563348209864404e-04
3.865026006569538021e-04
3.855190111688674461e-04
3.838515620721653899e-04
3.818980403010236759e-04
3.820366243815423316e-04
3.800443491893698111e-04
3.793269397706448007e-04
3.791917197895240134e-04
3.788803145044621372e-04
3.784863897106901316e-04
3.774060537465828659e-04
3.832866729616249998e-04
3.757957051348414157e-04
3.753446142916009340e-04
3.740834631961876123e-04
3.733780846528398072e-04
3.719526529893318152e-04
3.720268401228400213e-04
3.712540937521864679e-04
3.710515015484177693e-04
3.706072908935819656e-04
3.699023483251317286e-04
3.684915664781737016e-04
3.660428858333412668e-04
3.697528356378417392e-04
3.622796084146530414e-04
3.609521679041741756e-04
3.593975421186972790e-04
3.583776057097508034e-04
3.574507709248054806e-04
3.586618669245463377e-04
3.566946369752973882e-04
3.565191981201605424e-04
3.562264939569375960e-04
3.558594738629245759e-04
3.548320529984332452e-04
3.534452594687279448e-04
3.574398596561743479e-04
3.507634546132639471e-04
3.500603796360451676e-04
3.491567752022143667e-04
3.486232511526418686e-04
3.470676305955221457e-04
3.462865736594258545e-04
3.452310542213708712e-04
3.445857249604373932e-04
3.439339839383748296e-04
3.422267650900257842e-04
3.407431631206790873e-04
3.391658456699176067e-04
3.383641802401467160e-04
3.374434753812613616e-04
3.367757091948359819e-04
3.363633864988433515e-04
3.357050839372385060e-04
3.354021972678544478e-04
3.350296500209988125e-04
3.348615624632541319e-04
3.344394040123377051e-04
3.336936259484890913e-04
3.326858692367665399e-04
3.317112912915963626e-04
3.307374769686828673e-04
3.296595894691713331e-04
3.285148956081786762e-04
3.267692951055007743e-04
3.379329279914664833e-04
3.255076357597597777e-04
3.252963812686856604e-04
3.246637072861519469e-04
3.242656657640526790e-04
3.237059181877766025e-04
3.229331410255551317e-04
3.219491650480382555e-04
3.206913694069990321e-04
3.192906394430491978e-04
3.185229177934907402e-04
3.175891917093046925e-04
3.191156711151408600e-04
3.166033792370819954e-04
3.163781363151212719e-04
3.159445691218401727e-04
3.152956744367073783e-04
3.138706785372679330e-04
3.144056606904874771e-04
3.108411897413176157e-04
3.104517723155182868e-04
3.097884808775001149e-04
3.092027593780781718e-04
3.087008873758606943e-04
3.078096630824872807e-04
3.066325416539261261e-04
3.059592321100537953e-04
3.051299690630005922e-04
3.040317794942867888e-04
3.022499328623249703e-04
3.018418630725717565e-04
3.008946740100331254e-04
3.004560596789219041e-04
2.996408209781965012e-04
2.993168041023927897e-04
2.984176020931109227e-04
2.980360864415436514e-04
2.977368660730069275e-04
2.971913790479301229e-04
2.959612404147545319e-04
2.936108733858760751e-04
2.921329131338113632e-04
2.905286155932448031e-04
2.892139159654040807e-04
2.886809573604613407e-04
2.875325795613448360e-04
2.877799281609244716e-04
2.863742459079912281e-04
2.859884916209778005e-04
2.860251672551439523e-04
2.843877912673666648e-04
2.840683672750362351e-04
2.838170073661232923e-04
2.835227420772380648e-04
2.823675868022076300e-04
2.818371308194928850e-04
2.815069454153405759e-04
2.807399944530020522e-04
2.799819069475361169e-04
2.790950191753512315e-04
2.781065505728383749e-04
2.771272309861422191e-04
2.762502218112106406e-04
2.756344733963363700e-04
2.751590845516486408e-04
2.748076899563691236e-04
2.745040759985373918e-04
2.731820522153929941e-04
2.710105266055777974e-04
2.687982126877727185e-04
2.670565538978844806e-04
2.662379267857897737e-04
2.653681711177415968e-04
2.628214771979940070e-04
4.755717786322478068e-04
2.604410021482503096e-04
2.596425433693260744e-04
2.584372294743974164e-04
2.579753635570718401e-04
2.598990919060405712e-04
2.565291325926542191e-04
2.562603604098759509e-04
2.558273375132518596e-04
2.554000879975114324e-04
2.541044929943380663e-04
2.524419248158683133e-04
2.532825330433182169e-04
2.511338605509320096e-04
2.508095177946309605e-04
2.504310480924221496e-04
2.496238067887330213e-04
2.494801115792935511e-04
2.486984831431897857e-04
2.484277186008070721e-04
2.477928498973983778e-04
2.471191926042681634e-04
2.465175934026359733e-04
2.457447965229268773e-04
2.454318793106875785e-04
2.444588650295857453e-04
2.439237753376542165e-04
2.433912323920260612e-04
2.426660954767830523e-04
2.434932330484258344e-04
2.406003635351537965e-04
2.400874778707274659e-04
2.387164296944195140e-04
2.404193696027835084e-04
2.373111954092062639e-04
2.368058936126216508e-04
2.363070134049601110e-04
2.356005598269565553e-04
2.354389723607737720e-04
2.351817379427166685e-04
2.345956955497002056e-04
2.331673533754448444e-04
2.314401903881965208e-04
2.305477270417259227e-04
2.295029940007153142e-04
2.292491440895743108e-04
2.291472107820921860e-04
2.287445841054516868e-04
2.295803125910135197e-04
2.279741038588078755e-04
2.276452788798236191e-04
2.265739328842136856e-04
2.255004502806391426e-04
2.357098299366812443e-04
2.241546359439875564e-04
2.243147312691196743e-04
2.228006228936330979e-04
2.227037404200007953e-04
2.223520790078065785e-04
2.221397771682865621e-04
2.229819904500422115e-04
2.214910888854522051e-04
2.213519435606014260e-04
2.211653312030524793e-04
2.209603281510127092e-04
2.201994899418737708e-04
2.201010085342490984e-04
2.249830412150293792e-04
2.193549007457689347e-04
2.191842825847359192e-04
2.185340128947289504e-04
2.180556979419466805e-04
2.185838264195916723e-04
2.172739986331980854e-04
2.170259598488374323e-04
2.167262562528730993e-04
2.163750736422526296e-04
2.161055133199341039e-04
2.154504422140834994e-04
2.148077486621056357e-04
2.144852343356181746e-04
2.143206963624272971e-04
2.133220103755602217e-04
2.123323117049112846e-04
2.144183690497876568e-04
2.112499745511990678e-04
2.109277443433577514e-04
2.099353371596801544e-04
2.092553107503786506e-04
2.105346581273543315e-04
2.116332870270237830e-04
2.086531627259888754e-04
2.077934891446094816e-04
2.076502839598747170e-04
2.074071130910859224e-04
2.070741978537440388e-04
2.068305473448842839e-04
2.056036569260696434e-04
2.051464560898633768e-04
2.046953676464815272e-04
2.042940893185550132e-04
2.031152366827302953e-04
2.122627497540659962e-04
2.027924697664017012e-04
2.026973745599131428e-04
2.023123654610276890e-04
2.020487876873315939e-04
2.018222106970576403e-04
2.016449970543989054e-04
2.055020384539003138e-04
2.012162107703504383e-04
2.010822355777541325e-04
2.007531901089870587e-04
2.004915045349582885e-04
1.992389742804107891e-04
1.984070025653282391e-04
1.989607362130407591e-04
1.974930116386721236e-04
1.973387844077122057e-04
1.972370400373226688e-04
1.968804549369037671e-04
1.967957488652533797e-04
1.966570019272886622e-04
1.963780860711840165e-04
1.959491939830276157e-04
1.957016770190129020e-04
1.949636299941905602e-04
1.941325936885138952e-04
1.943180869660085779e-04
1.935192146573588249e-04
1.933513037677488827e-04
1.928836423596425314e-04
1.924489368778868051e-04
1.917803442556596338e-04
1.909436529423441046e-04
1.907850476386748623e-04
1.902059132006863880e-04
1.898996796027855791e-04
1.894133399598073590e-04
1.891127139983639468e-04
1.890192626038623622e-04
1.887875511251685531e-04
1.886179193374379641e-04
1.884035192890274604e-04
1.882768709673064667e-04
1.881522393475369313e-04
1.878569865392192657e-04
1.876303348897344239e-04
1.873992812327585295e-04
1.871265904020348483e-04
1.868677446241719044e-04
1.863332991794299073e-04
1.860316520226976014e-04
1.857826478767454748e-04
1.854747278662966740e-04
1.876871184317992734e-04
1.848698263238484794e-04
1.847402557630325483e-04
1.844279870308530747e-04
1.839815654016517933e-04
2.074093173515634096e-04
1.830026755691375854e-04
1.860805530238309738e-04
1.827535358387132611e-04
1.826601215098448997e-04
1.824637356196038369e-04
1.821539967329460460e-04
1.813602347914530289e-04
1.816078977210217309e-04
1.808319097076376198e-04
1.807145989039520711e-04
1.803197931541548416e-04
1.797725035517382564e-04
1.787610613632819602e-04
1.832443379904819523e-04
1.771621068163669991e-04
1.767181734607894310e-04
1.760634991015574036e-04
1.756075251566256929e-04
1.752116747644493801e-04
1.750272538315949470e-04
1.747592691262824015e-04
1.744230912032549569e-04
1.738598513886039894e-04
1.729772654989047563e-04
1.720400763873258668e-04
1.714445992580131736e-04
1.725685032345709901e-04
1.707358494005199018e-04
1.705917191040599563e-04
1.703664291189172680e-04
1.701329831199643199e-04
1.697261642252591589e-04
1.690345115542134127e-04
1.681564874824630681e-04
1.674464988969734522e-04
1.664485652099144375e-04
1.652913337713261431e-04
1.643820045881761924e-04
1.630520008012252260e-04
1.688572590466445270e-04
1.620600874730151358e-04
1.617376294771892455e-04
1.613186754902376681e-04
1.611248247625991022e-04
1.604419200188928472e-04
1.594813054743265252e-04
1.584448069638138212e-04
1.578209770619734326e-04
1.590785901334971337e-04
1.573478147684055314e-04
1.571780332735039118e-04
1.567024490946357655e-04
1.572101571270954272e-04
1.565728759989213010e-04
1.565352552393602917e-04
1.563033218454057925e-04
1.560638039767883690e-04
1.554346558058759158e-04
1.551516946871627130e-04
1.542683900866865252e-04
1.539346559508398627e-04
1.534805334508635073e-04
1.532011666640674201e-04
1.529925539632390923e-04
1.528549201852793030e-04
1.527209620553000771e-04
1.525983890604426811e-04
1.525161509704881738e-04
1.521694712162140108e-04
1.518611486482485920e-04
1.515904389442240168e-04
1.509697848725892141e-04
1.505525980965242159e-04
1.502433481666021209e-04
1.498043483079277653e-04
1.568217899209892912e-04
1.494680226642286069e-04
1.493687628348455948e-04
1.491906811127319699e-04
1.491074235186500214e-04
1.489860723893757569e-04
1.489027443711132966e-04
1.488619065713856393e-04
1.487943703495805373e-04
1.486070575557766141e-04
1.482010467223987766e-04
1.480228561861470589e-04
1.474736823730489238e-04
1.486215450855264512e-04
1.472179341657010084e-04
1.471786196194794561e-04
1.470936124366681069e-04
1.468858833802044359e-04
1.466260378546440767e-04
1.463586249870102213e-04
1.461954169559189073e-04
1.460564183728507259e-04
1.454062970207234699e-04
1.447873193377338631e-04
1.450908275204755191e-04
1.449256188701551133e-04
1.439673142604682603e-04
1.439147778156401344e-04
1.437957728238370447e-04
1.436710524911827605e-04
1.436317060971293821e-04
1.431949977418646848e-04
1.430135610737859233e-04
1.428393816624249908e-04
1.422578725073979724e-04
1.414622252192906948e-04
1.420287334544773723e-04
1.405158959384929023e-04
1.440040677382412981e-04
1.402343757331219560e-04
1.401794666578818932e-04
1.400197848614058091e-04
1.396768786079799994e-04
1.451258284962945360e-04
1.391501945535246791e-04
1.390628041083768530e-04
1.387453193033072246e-04
1.385531149861301279e-04
1.382710541302441015e-04
1.390424407432908234e-04
1.380484464855736822e-04
1.378269725697750590e-04
1.377046832393877501e-04
1.376050661110454114e-04
1.374939909276080418e-04
1.371191075259417633e-04
1.366874758799582160e-04
1.373373217645172824e-04
1.363548738029877734e-04
1.362725922372388498e-04
1.361264395866693155e-04
1.360679621600343410e-04
1.360182723939694252e-04
1.359145689243752213e-04
1.358575818555826740e-04
1.357788920393807573e-04
1.356407467337147888e-04
1.353923757558381680e-04
1.348812049834657736e-04
1.344133364343900604e-04
1.339115673554857927e-04
1.337142150844271033e-04
1.333103891353185685e-04
1.331336588873786994e-04
1.330389950190994861e-04
1.329405578628881112e-04
1.328953690209461322e-04
1.326740799415688783e-04
1.325206837132494127e-04
1.324208029999891572e-04
1.323028527684732083e-04
1.318934030068149373e-04
1.315171515006480403e-04
1.313717317212677782e-04
1.312871350325170471e-04
1.311893635831261242e-04
1.309871412360498716e-04
1.334259066046886242e-04
1.307195149478640331e-04
1.306339607732794647e-04
1.302845702559710128e-04
1.301261315728203681e-04
1.297453119966966110e-04
1.295516957128748628e-04
1.293324210967384668e-04
1.291871088972939413e-04
1.290469529769741998e-04
1.288555612928691564e-04
1.284891360012631984e-04
1.286962644679257516e-04
1.280219154763197241e-04
1.278755869968863784e-04
1.276027199607782125e-04
1.273194193046745643e-04
1.271782526833447691e-04
1.269656476237070370e-04
1.268965077745410686e-04
1.267240386074091956e-04
1.265688681698634718e-04
1.264478739396928753e-04
1.263290530531016283e-04
1.260763383332538323e-04
1.257173313804784125e-04
1.260848070797188059e-04
1.253310343329767115e-04
1.252734021623691529e-04
1.251620678455988547e-04
1.283548911705832218e-04
1.249284973368502581e-04
1.248091664203491579e-04
1.242191097945693893e-04
1.240445382428435178e-04
1.237120614526382228e-04
1.234252755827330980e-04
1.230837319612526095e-04
1.228075886696865964e-04
1.226039875882959913e-04
1.224339893556743695e-04
1.222579545757167491e-04
1.221562787044937562e-04
1.219287353341034786e-04
1.217943681950299322e-04
1.216646565207587838e-04
1.215459479865377420e-04
1.217071570804429510e-04
1.212052473589071228e-04
1.210970349983504188e-04
1.208779561938059122e-04
1.206832673582282584e-04
1.203023586235284849e-04
1.202009359642723890e-04
1.200524604233024387e-04
1.199550747901789727e-04
1.198762838205553847e-04
1.198186140214987092e-04
1.197283717650360899e-04
1.194761897992774698e-04
1.196768699612880233e-04
1.190609276637918002e-04
1.189471544185988504e-04
1.187628389780958846e-04
1.186346192659547077e-04
1.183806368829700832e-04
1.180441468462581996e-04
1.176162196383283108e-04
1.174611529966753390e-04
1.173301076304260186e-04
1.172583456662322721e-04
1.171973810080363963e-04
1.171165576023255677e-04
1.169008829489656323e-04
1.165165641785526106e-04
1.175645047827594299e-04
1.161053769356935823e-04
1.193856127375538749e-04
1.158925862818024785e-04
1.158321861531534099e-04
1.156917604400550424e-04
1.155544002876701421e-04
1.154223411864138319e-04
1.152855468694591730e-04
1.151365499561695022e-04
1.149861270732512812e-04
1.147764887732741603e-04
1.145132508202779920e-04
1.143137031447836782e-04
1.140241248794491799e-04
1.141030659658575069e-04
1.136615029900484648e-04
1.135827053206426413e-04
1.134886679861384843e-04
1.133998329507357862e-04
1.133990859471860032e-04
